k,inertia,sil
5,4160.2730135237925,0.0046100278567187715
6,4148.777590791131,0.0063716887014947255
7,4138.515924712978,0.006112182755574431
8,4131.378311101193,0.005668595596093068
9,4124.739482454784,0.005644434575778035
10,4117.759601380003,0.005810125136074284
11,4106.6742418127615,0.006959914706176883
12,4101.107945699814,0.007227699500383447
13,4093.6935001868815,0.007453291005976095
14,4089.249796233846,0.007749297030174782
15,4084.29397255574,0.007879484465924111
16,4080.6418122567443,0.007833542680591861
17,4069.744615570915,0.008409289941540849
18,4064.648687627282,0.008708198469388771
19,4060.082536094885,0.008689068283704663
20,4051.772526590573,0.008894652910837924
21,4049.9991389647616,0.009188856568968142
22,4049.276963025339,0.009054007769396322
23,4045.9548049603695,0.008732038967919622
24,4037.087571792041,0.009222139038275387
25,4037.411412858647,0.009461466251335263
26,4028.2435799536033,0.010133314491902096
27,4027.587975179424,0.009903170238655931
28,4022.233345492297,0.01004848524741248
29,4017.560703305379,0.009790690492863475
30,4015.1824247362047,0.010462383858628703
31,4011.2469666977217,0.009421833220937977
32,4011.1483920404917,0.010482520502137944
33,4003.4316329903672,0.010462753607503367
34,3999.8806300375477,0.010694244594693649
35,3997.6966380872514,0.011101701721436768
36,3992.5992814940587,0.010779822324825994
37,3985.6315292781396,0.011700800305353533
38,3988.255285792585,0.010249361203429968
39,3988.650747982871,0.01102681969956886
40,3980.633467746861,0.011322826019767317
41,3981.0818896448977,0.010711912965113866
42,3978.0607988054353,0.011357673217641162
43,3973.710316234751,0.010951510826988415
44,3969.561028892629,0.011963037513940514
45,3967.407903563298,0.010967812434033034
46,3968.0952240994534,0.011512694719588816
47,3963.9606447004517,0.011557641884872918
48,3957.265083105108,0.01171957195298975
49,3958.3862656999377,0.012166759913172944
